0.000000000000000000e+00 -inf
1.000000000000000021e-02 4.584928515738758392e+01
2.000000000000000042e-02 4.645359188754890312e+01
2.999999999999999889e-02 4.680796702497951856e+01
4.000000000000000083e-02 4.705998404382986422e+01
5.000000000000000278e-02 4.725589156555908943e+01
5.999999999999999778e-02 4.741629050583767224e+01
7.000000000000000666e-02 4.755217046742150444e+01
8.000000000000000167e-02 4.767009163940314664e+01
8.999999999999999667e-02 4.777428580007213554e+01
1.000000000000000056e-01 4.786764265779390115e+01
1.100000000000000006e-01 4.795222357017475900e+01
1.199999999999999956e-01 4.802955078617841878e+01
1.300000000000000044e-01 4.810078051431169399e+01
1.400000000000000133e-01 4.816681167027324761e+01
1.499999999999999944e-01 4.822835701547888476e+01
1.600000000000000033e-01 4.828599128981417010e+01
1.700000000000000122e-01 4.834018472674476641e+01
1.799999999999999933e-01 4.839132697428748742e+01
1.900000000000000022e-01 4.843974453988755613e+01
2.000000000000000111e-01 4.848571375550900342e+01
2.099999999999999922e-01 4.852947057625208060e+01
2.200000000000000011e-01 4.857121809747284402e+01
2.300000000000000100e-01 4.861113239961928656e+01
2.399999999999999911e-01 4.864936714826950492e+01
2.500000000000000000e-01 4.868605725455905997e+01
2.600000000000000089e-01 4.872132181730695777e+01
2.700000000000000178e-01 4.875526650962659403e+01
2.800000000000000266e-01 4.878798553132897098e+01
2.899999999999999800e-01 4.881956321860302239e+01
2.999999999999999889e-01 4.885007538073050881e+01
3.099999999999999978e-01 4.887959041757009260e+01
3.200000000000000067e-01 4.890817025959531605e+01
3.300000000000000155e-01 4.893587116326483510e+01
3.400000000000000244e-01 4.896274438764973524e+01
3.500000000000000333e-01 4.898883677297929751e+01
3.599999999999999867e-01 4.901419123769018427e+01
3.699999999999999956e-01 4.903884720738165726e+01
3.800000000000000044e-01 4.906284098657613413e+01
3.900000000000000133e-01 4.908620608220208226e+01
4.000000000000000222e-01 4.910897348613491431e+01
4.100000000000000311e-01 4.913117192286347290e+01
4.199999999999999845e-01 4.915282806732553667e+01
4.299999999999999933e-01 4.917396673712498512e+01
4.400000000000000022e-01 4.919461106266495420e+01
4.500000000000000111e-01 4.921478263817535037e+01
4.600000000000000200e-01 4.923450165615452789e+01
4.700000000000000289e-01 4.925378702736561110e+01
4.799999999999999822e-01 4.927265648821241939e+01
4.899999999999999911e-01 4.929112669705642702e+01
5.000000000000000000e-01 4.930921332081528874e+01
5.100000000000000089e-01 4.932693111299780497e+01
5.200000000000000178e-01 4.934429398417285739e+01
5.300000000000000266e-01 4.936131506573713779e+01
5.400000000000000355e-01 4.937800676773309050e+01
5.500000000000000444e-01 4.939438083137204671e+01
5.600000000000000533e-01 4.941044837683493540e+01
5.700000000000000622e-01 4.942621994685192988e+01
5.799999999999999600e-01 4.944170554650142435e+01
5.899999999999999689e-01 4.945691467961596288e+01
5.999999999999999778e-01 4.947185638213726122e+01
6.099999999999999867e-01 4.948653925272267884e+01
6.199999999999999956e-01 4.950097148087119336e+01
6.300000000000000044e-01 4.951516087280700162e+01
6.400000000000000133e-01 4.952911487533231849e+01
6.500000000000000222e-01 4.954284059783836369e+01
6.600000000000000311e-01 4.955634483264295653e+01
6.700000000000000400e-01 4.956963407380573727e+01
6.800000000000000488e-01 4.958271453455611066e+01
6.900000000000000577e-01 4.959559216345534338e+01
7.000000000000000666e-01 4.960827265940201158e+01
7.099999999999999645e-01 4.962076148557905952e+01
7.199999999999999734e-01 4.963306388243125156e+01
7.299999999999999822e-01 4.964518487975306016e+01
7.399999999999999911e-01 4.965712930795957192e+01
7.500000000000000000e-01 4.966890180860604431e+01
7.600000000000000089e-01 4.968050684421579888e+01
7.700000000000000178e-01 4.969194870747048753e+01
7.800000000000000266e-01 4.970323152981203663e+01
7.900000000000000355e-01 4.971435928950124605e+01
8.000000000000000444e-01 4.972533581917370782e+01
8.100000000000000533e-01 4.973616481293071701e+01
8.200000000000000622e-01 4.974684983299901830e+01
8.300000000000000711e-01 4.975739431599092200e+01
8.399999999999999689e-01 4.976780157879319688e+01
8.499999999999999778e-01 4.977807482411116524e+01
8.599999999999999867e-01 4.978821714569203749e+01
8.699999999999999956e-01 4.979823153324964835e+01
8.800000000000000044e-01 4.980812087711103686e+01
8.900000000000000133e-01 4.981788797260363566e+01
9.000000000000000222e-01 4.982753552420033571e+01
9.100000000000000311e-01 4.983706614943845636e+01
9.200000000000000400e-01 4.984648238262736442e+01
9.300000000000000488e-01 4.985578667835837763e+01
9.400000000000000577e-01 4.986498141482955759e+01
9.500000000000000666e-01 4.987406889699709467e+01
9.599999999999999645e-01 4.988305135956414205e+01
9.699999999999999734e-01 4.989193096981704656e+01
9.799999999999999822e-01 4.990070983031847618e+01
9.899999999999999911e-01 4.990938998146588546e+01
1.000000000000000000e+00 4.991797340392358961e+01
1.010000000000000009e+00 4.992646202093580143e+01
1.020000000000000018e+00 4.993485770052766526e+01
1.030000000000000027e+00 4.994316225760079675e+01
1.040000000000000036e+00 4.995137745592938217e+01
1.050000000000000044e+00 4.995950501006246469e+01
1.060000000000000053e+00 4.996754658713781083e+01
1.070000000000000062e+00 4.997550380861213881e+01
1.080000000000000071e+00 4.998337825191249095e+01
1.090000000000000080e+00 4.999117145201292800e+01
1.100000000000000089e+00 4.999888490294074472e+01
1.110000000000000098e+00 5.000652005921578791e+01
1.120000000000000107e+00 5.001407833722670659e+01
1.130000000000000115e+00 5.002156111654718273e+01
1.140000000000000124e+00 5.002896974119551032e+01
1.150000000000000133e+00 5.003630552084027983e+01
1.159999999999999920e+00 5.004356973195508118e+01
1.169999999999999929e+00 5.005076361892468384e+01
1.179999999999999938e+00 5.005788839510526600e+01
1.189999999999999947e+00 5.006494524384086020e+01
1.199999999999999956e+00 5.007193531943832454e+01
1.209999999999999964e+00 5.007885974810272955e+01
1.219999999999999973e+00 5.008571962883524975e+01
1.229999999999999982e+00 5.009251603429516564e+01
1.239999999999999991e+00 5.009925001162794445e+01
1.250000000000000000e+00 5.010592258326074955e+01
1.260000000000000009e+00 5.011253474766713367e+01
1.270000000000000018e+00 5.011908748010219483e+01
1.280000000000000027e+00 5.012558173330965872e+01
1.290000000000000036e+00 5.013201843820215942e+01
1.300000000000000044e+00 5.013839850451586955e+01
1.310000000000000053e+00 5.014472282144073034e+01
1.320000000000000062e+00 5.015099225822736173e+01
1.330000000000000071e+00 5.015720766477162584e+01
1.340000000000000080e+00 5.016336987217788845e+01
1.350000000000000089e+00 5.016947969330188783e+01
1.360000000000000098e+00 5.017553792327412054e+01
1.370000000000000107e+00 5.018154534000456124e+01
1.380000000000000115e+00 5.018750270466951235e+01
1.390000000000000124e+00 5.019341076218137232e+01
1.400000000000000133e+00 5.019927024164199025e+01
1.409999999999999920e+00 5.020508185678036739e+01
1.419999999999999929e+00 5.021084630637528079e+01
1.429999999999999938e+00 5.021656427466351147e+01
1.439999999999999947e+00 5.022223643173423113e+01
1.449999999999999956e+00 5.022786343391010178e+01
1.459999999999999964e+00 5.023344592411566367e+01
1.469999999999999973e+00 5.023898453223350913e+01
1.479999999999999982e+00 5.024447987544867544e+01
1.489999999999999991e+00 5.024993255858181129e+01
1.500000000000000000e+00 5.025534317441149312e+01
1.510000000000000009e+00 5.026071230398611078e+01
1.520000000000000018e+00 5.026604051692580555e+01
1.530000000000000027e+00 5.027132837171471635e+01
1.540000000000000036e+00 5.027657641598401739e+01
1.550000000000000044e+00 5.028178518678605968e+01
1.560000000000000053e+00 5.028695521085990094e+01
1.570000000000000062e+00 5.029208700488860728e+01
1.580000000000000071e+00 5.029718107574867503e+01
1.590000000000000080e+00 5.030223792075170053e+01
1.600000000000000089e+00 5.030725802787873846e+01
1.610000000000000098e+00 5.031224187600761155e+01
1.620000000000000107e+00 5.031718993513327121e+01
1.630000000000000115e+00 5.032210266658164954e+01
1.640000000000000124e+00 5.032698052321713789e+01
1.650000000000000133e+00 5.033182394964390483e+01
1.660000000000000142e+00 5.033663338240132390e+01
1.669999999999999929e+00 5.034140925015368140e+01
1.679999999999999938e+00 5.034615197387439167e+01
1.689999999999999947e+00 5.035086196702489758e+01
1.699999999999999956e+00 5.035553963572839109e+01
1.709999999999999964e+00 5.036018537893864533e+01
1.719999999999999973e+00 5.036479958860402917e+01
1.729999999999999982e+00 5.036938264982685354e+01
1.739999999999999991e+00 5.037393494101833369e+01
1.750000000000000000e+00 5.037845683404913188e+01
1.760000000000000009e+00 5.038294869439583579e+01
1.770000000000000018e+00 5.038741088128328016e+01
1.780000000000000027e+00 5.039184374782306008e+01
1.790000000000000036e+00 5.039624764114820721e+01
1.800000000000000044e+00 5.040062290254424937e+01
1.810000000000000053e+00 5.040496986757668196e+01
1.820000000000000062e+00 5.040928886621509264e+01
1.830000000000000071e+00 5.041358022295391095e+01
1.840000000000000080e+00 5.041784425692996763e+01
1.850000000000000089e+00 5.042208128203694883e+01
1.860000000000000098e+00 5.042629160703687319e+01
1.870000000000000107e+00 5.043047553566858454e+01
1.880000000000000115e+00 5.043463336675349495e+01
1.890000000000000124e+00 5.043876539429855654e+01
1.900000000000000133e+00 5.044287190759656880e+01
1.910000000000000142e+00 5.044695319132396349e+01
1.919999999999999929e+00 5.045100952563603158e+01
1.929999999999999938e+00 5.045504118625979828e+01
1.939999999999999947e+00 5.045904844458453198e+01
1.949999999999999956e+00 5.046303156774995102e+01
1.959999999999999964e+00 5.046699081873226334e+01
1.969999999999999973e+00 5.047092645642806730e+01
1.979999999999999982e+00 5.047483873573613522e+01
1.989999999999999991e+00 5.047872790763724993e+01
2.000000000000000000e+00 5.048259421927200918e+01
2.010000000000000231e+00 5.048643791401679692e+01
2.020000000000000018e+00 5.049025923155785733e+01
2.030000000000000249e+00 5.049405840796362810e+01
2.040000000000000036e+00 5.049783567575531151e+01
2.049999999999999822e+00 5.050159126397571896e+01
2.060000000000000053e+00 5.050532539825655221e+01
2.069999999999999840e+00 5.050903830088404334e+01
2.080000000000000071e+00 5.051273019086302440e+01
2.089999999999999858e+00 5.051640128397952623e+01
2.100000000000000089e+00 5.052005179286192771e+01
2.109999999999999876e+00 5.052368192704062722e+01
2.120000000000000107e+00 5.052729189300637813e+01
2.129999999999999893e+00 5.053088189426723886e+01
2.140000000000000124e+00 5.053445213140425807e+01
2.149999999999999911e+00 5.053800280212584539e+01
2.160000000000000142e+00 5.054153410132094137e+01
2.169999999999999929e+00 5.054504622111092260e+01
2.180000000000000160e+00 5.054853935090042683e+01
2.189999999999999947e+00 5.055201367742694174e+01
2.200000000000000178e+00 5.055546938480932084e+01
2.209999999999999964e+00 5.055890665459524769e+01
2.220000000000000195e+00 5.056232566580761301e+01
2.229999999999999982e+00 5.056572659498984734e+01
2.240000000000000213e+00 5.056910961625031575e+01
2.250000000000000000e+00 5.057247490130568224e+01
2.260000000000000231e+00 5.057582261952335756e+01
2.270000000000000018e+00 5.057915293796303047e+01
2.280000000000000249e+00 5.058246602141726100e+01
2.290000000000000036e+00 5.058576203245123537e+01
2.300000000000000266e+00 5.058904113144168235e+01
2.310000000000000053e+00 5.059230347661488025e+01
2.319999999999999840e+00 5.059554922408396038e+01
2.330000000000000071e+00 5.059877852788532238e+01
2.339999999999999858e+00 5.060199154001435318e+01
2.350000000000000089e+00 5.060518841046032890e+01
2.359999999999999876e+00 5.060836928724067008e+01
2.370000000000000107e+00 5.061153431643438694e+01
2.379999999999999893e+00 5.061468364221489935e+01
2.390000000000000124e+00 5.061781740688212494e+01
2.399999999999999911e+00 5.062093575089397746e+01
2.410000000000000142e+00 5.062403881289713325e+01
2.419999999999999929e+00 5.062712672975722938e+01
2.430000000000000160e+00 5.063019963658839373e+01
2.439999999999999947e+00 5.063325766678224937e+01
2.450000000000000178e+00 5.063630095203626524e+01
2.459999999999999964e+00 5.063932962238153834e+01
2.470000000000000195e+00 5.064234380621007148e+01
2.479999999999999982e+00 5.064534363030146125e+01
2.490000000000000213e+00 5.064832921984904601e+01
2.500000000000000000e+00 5.065130069848558492e+01
2.510000000000000231e+00 5.065425818830835425e+01
2.520000000000000018e+00 5.065720180990384591e+01
2.530000000000000249e+00 5.066013168237186903e+01
2.540000000000000036e+00 5.066304792334927498e+01
2.550000000000000266e+00 5.066595064903317081e+01
2.560000000000000053e+00 5.066883997420370633e+01
2.569999999999999840e+00 5.067171601224636390e+01
2.580000000000000071e+00 5.067457887517392834e+01
2.589999999999999858e+00 5.067742867364790271e+01
2.600000000000000089e+00 5.068026551699962567e+01
2.609999999999999876e+00 5.068308951325091982e+01
2.620000000000000107e+00 5.068590076913435638e+01
2.629999999999999893e+00 5.068869939011316461e+01
2.640000000000000124e+00 5.069148548040075752e+01
2.649999999999999911e+00 5.069425914297984548e+01
2.660000000000000142e+00 5.069702047962125846e+01
2.669999999999999929e+00 5.069976959090236335e+01
2.680000000000000160e+00 5.070250657622517565e+01
2.689999999999999947e+00 5.070523153383410886e+01
2.700000000000000178e+00 5.070794456083341117e+01
2.709999999999999964e+00 5.071064575320426826e+01
2.720000000000000195e+00 5.071333520582161469e+01
2.729999999999999982e+00 5.071601301247060434e+01
2.740000000000000213e+00 5.071867926586282493e+01
2.750000000000000000e+00 5.072133405765215741e+01
2.760000000000000231e+00 5.072397747845041494e+01
2.770000000000000018e+00 5.072660961784263378e+01
2.780000000000000249e+00 5.072923056440216527e+01
2.790000000000000036e+00 5.073184040570541953e+01
2.800000000000000266e+00 5.073443922834638897e+01
2.810000000000000053e+00 5.073702711795090892e+01
2.819999999999999840e+00 5.073960415919067657e+01
2.830000000000000071e+00 5.074217043579695741e+01
2.839999999999999858e+00 5.074472603057416364e+01
2.850000000000000089e+00 5.074727102541307744e+01
2.859999999999999876e+00 5.074980550130391066e+01
2.870000000000000107e+00 5.075232953834913729e+01
2.879999999999999893e+00 5.075484321577606295e+01
2.890000000000000124e+00 5.075734661194919539e+01
2.899999999999999911e+00 5.075983980438243037e+01
2.910000000000000142e+00 5.076232286975096741e+01
2.919999999999999929e+00 5.076479588390308351e+01
2.930000000000000160e+00 5.076725892187166522e+01
2.939999999999999947e+00 5.076971205788554187e+01
2.950000000000000178e+00 5.077215536538065521e+01
2.959999999999999964e+00 5.077458891701103028e+01
2.970000000000000195e+00 5.077701278465951873e+01
2.979999999999999982e+00 5.077942703944842862e+01
2.990000000000000213e+00 5.078183175174993380e+01
3.000000000000000000e+00 5.078422699119631289e+01
3.010000000000000231e+00 5.078661282669001764e+01
3.020000000000000018e+00 5.078898932641358499e+01
3.030000000000000249e+00 5.079135655783938574e+01
3.040000000000000036e+00 5.079371458773917425e+01
3.050000000000000266e+00 5.079606348219353862e+01
3.060000000000000053e+00 5.079840330660115910e+01
3.070000000000000284e+00 5.080073412568791014e+01
3.080000000000000071e+00 5.080305600351584161e+01
3.089999999999999858e+00 5.080536900349198248e+01
3.100000000000000089e+00 5.080767318837701652e+01
3.109999999999999876e+00 5.080996862029384431e+01
3.120000000000000107e+00 5.081225536073593219e+01
3.129999999999999893e+00 5.081453347057561842e+01
3.140000000000000124e+00 5.081680301007221345e+01
3.149999999999999911e+00 5.081906403888000767e+01
3.160000000000000142e+00 5.082131661605615136e+01
3.169999999999999929e+00 5.082356080006837828e+01
3.180000000000000160e+00 5.082579664880264403e+01
3.189999999999999947e+00 5.082802421957063643e+01
3.200000000000000178e+00 5.083024356911712971e+01
3.209999999999999964e+00 5.083245475362728172e+01
3.220000000000000195e+00 5.083465782873376071e+01
3.229999999999999982e+00 5.083685284952382233e+01
3.240000000000000213e+00 5.083903987054619478e+01
3.250000000000000000e+00 5.084121894581794265e+01
3.260000000000000231e+00 5.084339012883116027e+01
3.270000000000000018e+00 5.084555347255959390e+01
3.280000000000000249e+00 5.084770902946515037e+01
3.290000000000000036e+00 5.084985685150432744e+01
3.300000000000000266e+00 5.085199699013448793e+01
3.310000000000000053e+00 5.085412949632011248e+01
3.320000000000000284e+00 5.085625442053891021e+01
3.330000000000000071e+00 5.085837181278784414e+01
3.339999999999999858e+00 5.086048172258905709e+01
3.350000000000000089e+00 5.086258419899576211e+01
3.359999999999999876e+00 5.086467929059794812e+01
3.370000000000000107e+00 5.086676704552807848e+01
3.379999999999999893e+00 5.086884751146668293e+01
3.390000000000000124e+00 5.087092073564786432e+01
3.399999999999999911e+00 5.087298676486469162e+01
3.410000000000000142e+00 5.087504564547458585e+01
3.419999999999999929e+00 5.087709742340454966e+01
3.430000000000000160e+00 5.087914214415634717e+01
3.439999999999999947e+00 5.088117985281164835e+01
3.450000000000000178e+00 5.088321059403702407e+01
3.459999999999999964e+00 5.088523441208891995e+01
3.470000000000000195e+00 5.088725135081855200e+01
3.479999999999999982e+00 5.088926145367670983e+01
3.490000000000000213e+00 5.089126476371850316e+01
3.500000000000000000e+00 5.089326132360803001e+01
3.510000000000000231e+00 5.089525117562300238e+01
3.520000000000000018e+00 5.089723436165928661e+01
3.530000000000000249e+00 5.089921092323536556e+01
3.540000000000000036e+00 5.090118090149675112e+01
3.550000000000000266e+00 5.090314433722035403e+01
3.560000000000000053e+00 5.090510127081874714e+01
3.570000000000000284e+00 5.090705174234440733e+01
3.580000000000000071e+00 5.090899579149387932e+01
3.589999999999999858e+00 5.091093345761186839e+01
3.600000000000000089e+00 5.091286477969529756e+01
3.609999999999999876e+00 5.091478979639730795e+01
3.620000000000000107e+00 5.091670854603118812e+01
3.629999999999999893e+00 5.091862106657424647e+01
3.640000000000000124e+00 5.092052739567164110e+01
3.649999999999999911e+00 5.092242757064016700e+01
3.660000000000000142e+00 5.092432162847195798e+01
3.669999999999999929e+00 5.092620960583816014e+01
3.680000000000000160e+00 5.092809153909254150e+01
3.689999999999999947e+00 5.092996746427508725e+01
3.700000000000000178e+00 5.093183741711548151e+01
3.709999999999999964e+00 5.093370143303661024e+01
3.720000000000000195e+00 5.093555954715795764e+01
3.729999999999999982e+00 5.093741179429900257e+01
3.740000000000000213e+00 5.093925820898252965e+01
3.750000000000000000e+00 5.094109882543792622e+01
3.760000000000000231e+00 5.094293367760442948e+01
3.770000000000000018e+00 5.094476279913429551e+01
3.780000000000000249e+00 5.094658622339597542e+01
3.790000000000000036e+00 5.094840398347722754e+01
3.800000000000000266e+00 5.095021611218816560e+01
3.810000000000000053e+00 5.095202264206429987e+01
3.820000000000000284e+00 5.095382360536953570e+01
3.830000000000000071e+00 5.095561903409907956e+01
3.839999999999999858e+00 5.095740895998240916e+01
3.850000000000000089e+00 5.095919341448608009e+01
3.859999999999999876e+00 5.096097242881659639e+01
3.870000000000000107e+00 5.096274603392320302e+01
3.879999999999999893e+00 5.096451426050062139e+01
3.890000000000000124e+00 5.096627713899178502e+01
3.899999999999999911e+00 5.096803469959052535e+01
3.910000000000000142e+00 5.096978697224420785e+01
3.919999999999999929e+00 5.097153398665638946e+01
3.930000000000000160e+00 5.097327577228932682e+01
3.939999999999999947e+00 5.097501235836660527e+01
3.950000000000000178e+00 5.097674377387559019e+01
3.959999999999999964e+00 5.097847004756994238e+01
3.970000000000000195e+00 5.098019120797206938e+01
3.979999999999999982e+00 5.098190728337552713e+01
3.990000000000000213e+00 5.098361830184742161e+01
4.000000000000000000e+00 5.098532429123075360e+01
4.009999999999999787e+00 5.098702527914676352e+01
4.020000000000000462e+00 5.098872129299721934e+01
4.030000000000000249e+00 5.099041235996667609e+01
4.040000000000000036e+00 5.099209850702473545e+01
4.049999999999999822e+00 5.099377976092823417e+01
4.060000000000000497e+00 5.099545614822345385e+01
4.070000000000000284e+00 5.099712769524825973e+01
4.080000000000000071e+00 5.099879442813421804e+01
4.089999999999999858e+00 5.100045637280873478e+01
4.099999999999999645e+00 5.100211355499708787e+01
4.110000000000000320e+00 5.100376600022452322e+01
4.120000000000000107e+00 5.100541373381823007e+01
4.129999999999999893e+00 5.100705678090938022e+01
4.139999999999999680e+00 5.100869516643508206e+01
4.150000000000000355e+00 5.101032891514034873e+01
4.160000000000000142e+00 5.101195805157998819e+01
4.169999999999999929e+00 5.101358260012054302e+01
4.179999999999999716e+00 5.101520258494216620e+01
4.190000000000000391e+00 5.101681803004044724e+01
4.200000000000000178e+00 5.101842895922827381e+01
4.209999999999999964e+00 5.102003539613763650e+01
4.219999999999999751e+00 5.102163736422140516e+01
4.230000000000000426e+00 5.102323488675512664e+01
4.240000000000000213e+00 5.102482798683872289e+01
4.250000000000000000e+00 5.102641668739826741e+01
4.259999999999999787e+00 5.102800101118765497e+01
4.270000000000000462e+00 5.102958098079028559e+01
4.280000000000000249e+00 5.103115661862075569e+01
4.290000000000000036e+00 5.103272794692646386e+01
4.299999999999999822e+00 5.103429498778928064e+01
4.310000000000000497e+00 5.103585776312709754e+01
4.320000000000000284e+00 5.103741629469544705e+01
4.330000000000000071e+00 5.103897060408908004e+01
4.339999999999999858e+00 5.104052071274348634e+01
4.350000000000000533e+00 5.104206664193642240e+01
4.360000000000000320e+00 5.104360841278944605e+01
4.370000000000000107e+00 5.104514604626940155e+01
4.379999999999999893e+00 5.104667956318989042e+01
4.389999999999999680e+00 5.104820898421272801e+01
4.400000000000000355e+00 5.104973432984940729e+01
4.410000000000000142e+00 5.105125562046247722e+01
4.419999999999999929e+00 5.105277287626701366e+01
4.429999999999999716e+00 5.105428611733195510e+01
4.440000000000000391e+00 5.105579536358151671e+01
4.450000000000000178e+00 5.105730063479652614e+01
4.459999999999999964e+00 5.105880195061579485e+01
4.469999999999999751e+00 5.106029933053740422e+01
4.480000000000000426e+00 5.106179279392006976e+01
4.490000000000000213e+00 5.106328235998439169e+01
4.500000000000000000e+00 5.106476804781419077e+01
4.509999999999999787e+00 5.106624987635772328e+01
4.520000000000000462e+00 5.106772786442896717e+01
4.530000000000000249e+00 5.106920203070886544e+01
4.540000000000000036e+00 5.107067239374652701e+01
4.549999999999999822e+00 5.107213897196047725e+01
4.560000000000000497e+00 5.107360178363980197e+01
4.570000000000000284e+00 5.107506084694539794e+01
4.580000000000000071e+00 5.107651617991108850e+01
4.589999999999999858e+00 5.107796780044482432e+01
4.600000000000000533e+00 5.107941572632978477e+01
4.610000000000000320e+00 5.108085997522556454e+01
4.620000000000000107e+00 5.108230056466924651e+01
4.629999999999999893e+00 5.108373751207652447e+01
4.639999999999999680e+00 5.108517083474282572e+01
4.650000000000000355e+00 5.108660054984434140e+01
4.660000000000000142e+00 5.108802667443915624e+01
4.669999999999999929e+00 5.108944922546825751e+01
4.679999999999999716e+00 5.109086821975661508e+01
4.690000000000000391e+00 5.109228367401419746e+01
4.700000000000000178e+00 5.109369560483701633e+01
4.709999999999999964e+00 5.109510402870813550e+01
4.719999999999999751e+00 5.109650896199864434e+01
4.730000000000000426e+00 5.109791042096870228e+01
4.740000000000000213e+00 5.109930842176846255e+01
4.750000000000000000e+00 5.110070298043909531e+01
4.759999999999999787e+00 5.110209411291369719e+01
4.770000000000000462e+00 5.110348183501829311e+01
4.780000000000000249e+00 5.110486616247272451e+01
4.790000000000000036e+00 5.110624711089162275e+01
4.799999999999999822e+00 5.110762469578528311e+01
4.810000000000000497e+00 5.110899893256061688e+01
4.820000000000000284e+00 5.111036983652202537e+01
4.830000000000000071e+00 5.111173742287228805e+01
4.839999999999999858e+00 5.111310170671346498e+01
4.850000000000000533e+00 5.111446270304774231e+01
4.860000000000000320e+00 5.111582042677830628e+01
4.870000000000000107e+00 5.111717489271019588e+01
4.879999999999999893e+00 5.111852611555114834e+01
4.889999999999999680e+00 5.111987410991242342e+01
4.900000000000000355e+00 5.112121889030962762e+01
4.910000000000000142e+00 5.112256047116356683e+01
4.919999999999999929e+00 5.112389886680099238e+01
4.929999999999999716e+00 5.112523409145546083e+01
4.940000000000000391e+00 5.112656615926808001e+01
4.950000000000000178e+00 5.112789508428834040e+01
4.959999999999999964e+00 5.112922088047483271e+01
4.969999999999999751e+00 5.113054356169605796e+01
4.980000000000000426e+00 5.113186314173117353e+01
4.990000000000000213e+00 5.113317963427074631e+01
5.000000000000000000e+00 5.113449305291749170e+01
5.009999999999999787e+00 5.113580341118700545e+01
5.020000000000000462e+00 5.113711072250850975e+01
5.030000000000000249e+00 5.113841500022554953e+01
5.040000000000000036e+00 5.113971625759673856e+01
5.049999999999999822e+00 5.114101450779641311e+01
5.060000000000000497e+00 5.114230976391539940e+01
5.070000000000000284e+00 5.114360203896165302e+01
5.080000000000000071e+00 5.114489134586094821e+01
5.089999999999999858e+00 5.114617769745758835e+01
5.100000000000000533e+00 5.114746110651504551e+01
5.110000000000000320e+00 5.114874158571662832e+01
5.120000000000000107e+00 5.115001914766615698e+01
5.129999999999999893e+00 5.115129380488860278e+01
5.139999999999999680e+00 5.115256556983072045e+01
5.150000000000000355e+00 5.115383445486170189e+01
5.160000000000000142e+00 5.115510047227380852e+01
5.169999999999999929e+00 5.115636363428298949e+01
5.179999999999999716e+00 5.115762395302949272e+01
5.190000000000000391e+00 5.115888144057849019e+01
5.200000000000000178e+00 5.116013610892069607e+01
5.209999999999999964e+00 5.116138796997292104e+01
5.219999999999999751e+00 5.116263703557871878e+01
5.230000000000000426e+00 5.116388331750895446e+01
5.240000000000000213e+00 5.116512682746237317e+01
5.250000000000000000e+00 5.116636757706619676e+01
5.259999999999999787e+00 5.116760557787667807e+01
5.270000000000000462e+00 5.116884084137969779e+01
5.280000000000000249e+00 5.117007337899128316e+01
5.290000000000000036e+00 5.117130320205819061e+01
5.299999999999999822e+00 5.117253032185844575e+01
5.310000000000000497e+00 5.117375474960188342e+01
5.320000000000000284e+00 5.117497649643070901e+01
5.330000000000000071e+00 5.117619557342000292e+01
5.339999999999999858e+00 5.117741199157824639e+01
5.350000000000000533e+00 5.117862576184787571e+01
5.360000000000000320e+00 5.117983689510578671e+01
5.370000000000000107e+00 5.118104540216382503e+01
5.379999999999999893e+00 5.118225129376933324e+01
5.389999999999999680e+00 5.118345458060561981e+01
5.400000000000000355e+00 5.118465527329247067e+01
5.410000000000000142e+00 5.118585338238665372e+01
5.419999999999999929e+00 5.118704891838238780e+01
5.429999999999999716e+00 5.118824189171184713e+01
5.440000000000000391e+00 5.118943231274561612e+01
5.450000000000000178e+00 5.119062019179318668e+01
5.459999999999999964e+00 5.119180553910342724e+01
5.469999999999999751e+00 5.119298836486502324e+01
5.480000000000000426e+00 5.119416867920697456e+01
5.490000000000000213e+00 5.119534649219902889e+01
5.500000000000000000e+00 5.119652181385214362e+01
5.509999999999999787e+00 5.119769465411892639e+01
5.520000000000000462e+00 5.119886502289409691e+01
5.530000000000000249e+00 5.120003293001489908e+01
5.540000000000000036e+00 5.120119838526156997e+01
5.549999999999999822e+00 5.120236139835775901e+01
5.560000000000000497e+00 5.120352197897092594e+01
5.570000000000000284e+00 5.120468013671281682e+01
5.580000000000000071e+00 5.120583588113986195e+01
5.589999999999999858e+00 5.120698922175356671e+01
5.600000000000000533e+00 5.120814016800095914e+01
5.610000000000000320e+00 5.120928872927499498e+01
5.620000000000000107e+00 5.121043491491494137e+01
5.629999999999999893e+00 5.121157873420679607e+01
5.639999999999999680e+00 5.121272019638366402e+01
5.650000000000000355e+00 5.121385931062619079e+01
5.660000000000000142e+00 5.121499608606291076e+01
5.669999999999999929e+00 5.121613053177065922e+01
5.679999999999999716e+00 5.121726265677492762e+01
5.690000000000000391e+00 5.121839247005028994e+01
5.700000000000000178e+00 5.121951998052072952e+01
5.709999999999999964e+00 5.122064519706005115e+01
5.719999999999999751e+00 5.122176812849220795e+01
5.730000000000000426e+00 5.122288878359171349e+01
5.740000000000000213e+00 5.122400717108398283e+01
5.750000000000000000e+00 5.122512329964566646e+01
5.759999999999999787e+00 5.122623717790506248e+01
5.770000000000000462e+00 5.122734881444242205e+01
5.780000000000000249e+00 5.122845821779031183e+01
5.790000000000000036e+00 5.122956539643397633e+01
5.799999999999999822e+00 5.123067035881166476e+01
5.810000000000000497e+00 5.123177311331496497e+01
5.820000000000000284e+00 5.123287366828917300e+01
5.830000000000000071e+00 5.123397203203358430e+01
5.839999999999999858e+00 5.123506821280186330e+01
5.850000000000000533e+00 5.123616221880235599e+01
5.860000000000000320e+00 5.123725405819839551e+01
5.870000000000000107e+00 5.123834373910865736e+01
5.879999999999999893e+00 5.123943126960747918e+01
5.889999999999999680e+00 5.124051665772513786e+01
5.900000000000000355e+00 5.124159991144821191e+01
5.910000000000000142e+00 5.124268103871986568e+01
5.919999999999999929e+00 5.124376004744014779e+01
5.929999999999999716e+00 5.124483694546634638e+01
5.940000000000000391e+00 5.124591174061322363e+01
5.950000000000000178e+00 5.124698444065337810e+01
5.959999999999999964e+00 5.124805505331750055e+01
5.969999999999999751e+00 5.124912358629469367e+01
5.980000000000000426e+00 5.125019004723275629e+01
5.990000000000000213e+00 5.125125444373847472e+01
6.000000000000000000e+00 5.125231678337790697e+01
6.009999999999999787e+00 5.125337707367666695e+01
6.020000000000000462e+00 5.125443532212022291e+01
6.030000000000000249e+00 5.125549153615416031e+01
6.040000000000000036e+00 5.125654572318445901e+01
6.049999999999999822e+00 5.125759789057778448e+01
6.060000000000000497e+00 5.125864804566175792e+01
6.070000000000000284e+00 5.125969619572520486e+01
6.080000000000000071e+00 5.126074234801845364e+01
6.089999999999999858e+00 5.126178650975358408e+01
6.100000000000000533e+00 5.126282868810470461e+01
6.110000000000000320e+00 5.126386889020818671e+01
6.120000000000000107e+00 5.126490712316295628e+01
6.129999999999999893e+00 5.126594339403074230e+01
6.140000000000000568e+00 5.126697770983631841e+01
6.150000000000000355e+00 5.126801007756777295e+01
6.160000000000000142e+00 5.126904050417673631e+01
6.169999999999999929e+00 5.127006899657866512e+01
6.179999999999999716e+00 5.127109556165306259e+01
6.190000000000000391e+00 5.127212020624372002e+01
6.200000000000000178e+00 5.127314293715898685e+01
6.209999999999999964e+00 5.127416376117197672e+01
6.219999999999999751e+00 5.127518268502083032e+01
6.230000000000000426e+00 5.127619971540894994e+01
6.240000000000000213e+00 5.127721485900521969e+01
6.250000000000000000e+00 5.127822812244425421e+01
6.259999999999999787e+00 5.127923951232661182e+01
6.270000000000000462e+00 5.128024903521904321e+01
6.280000000000000249e+00 5.128125669765469752e+01
6.290000000000000036e+00 5.128226250613337811e+01
6.299999999999999822e+00 5.128326646712172021e+01
6.310000000000000497e+00 5.128426858705346092e+01
6.320000000000000284e+00 5.128526887232962395e+01
6.330000000000000071e+00 5.128626732931874699e+01
6.339999999999999858e+00 5.128726396435710910e+01
6.350000000000000533e+00 5.128825878374892255e+01
6.360000000000000320e+00 5.128925179376656729e+01
6.370000000000000107e+00 5.129024300065079700e+01
6.379999999999999893e+00 5.129123241061092386e+01
6.390000000000000568e+00 5.129222002982506723e+01
6.400000000000000355e+00 5.129320586444031704e+01
6.410000000000000142e+00 5.129418992057297544e+01
6.419999999999999929e+00 5.129517220430873436e+01
6.429999999999999716e+00 5.129615272170287454e+01
6.440000000000000391e+00 5.129713147878047863e+01
6.450000000000000178e+00 5.129810848153663017e+01
6.459999999999999964e+00 5.129908373593659832e+01
6.469999999999999751e+00 5.130005724791601551e+01
6.480000000000000426e+00 5.130102902338112614e+01
6.490000000000000213e+00 5.130199906820890732e+01
6.500000000000000000e+00 5.130296738824731761e+01
6.509999999999999787e+00 5.130393398931544624e+01
6.520000000000000462e+00 5.130489887720371911e+01
6.530000000000000249e+00 5.130586205767406938e+01
6.540000000000000036e+00 5.130682353646013638e+01
6.549999999999999822e+00 5.130778331926745039e+01
6.560000000000000497e+00 5.130874141177358894e+01
6.570000000000000284e+00 5.130969781962837573e+01
6.580000000000000071e+00 5.131065254845405121e+01
6.589999999999999858e+00 5.131160560384545732e+01
6.600000000000000533e+00 5.131255699137020798e+01
6.610000000000000320e+00 5.131350671656885254e+01
6.620000000000000107e+00 5.131445478495506762e+01
6.629999999999999893e+00 5.131540120201580635e+01
6.640000000000000568e+00 5.131634597321148306e+01
6.650000000000000355e+00 5.131728910397613674e+01
6.660000000000000142e+00 5.131823059971760159e+01
6.669999999999999929e+00 5.131917046581767039e+01
6.679999999999999716e+00 5.132010870763225796e+01
6.690000000000000391e+00 5.132104533049155748e+01
6.700000000000000178e+00 5.132198033970021100e+01
6.709999999999999964e+00 5.132291374053746580e+01
6.719999999999999751e+00 5.132384553825735907e+01
6.730000000000000426e+00 5.132477573808881033e+01
6.740000000000000213e+00 5.132570434523586300e+01
6.750000000000000000e+00 5.132663136487776967e+01
6.759999999999999787e+00 5.132755680216918392e+01
6.770000000000000462e+00 5.132848066224030248e+01
6.780000000000000249e+00 5.132940295019702859e+01
6.790000000000000036e+00 5.133032367112109284e+01
6.799999999999999822e+00 5.133124283007025213e+01
6.810000000000000497e+00 5.133216043207837487e+01
6.820000000000000284e+00 5.133307648215565422e+01
6.830000000000000071e+00 5.133399098528870041e+01
6.839999999999999858e+00 5.133490394644072552e+01
6.850000000000000533e+00 5.133581537055165711e+01
6.860000000000000320e+00 5.133672526253830881e+01
6.870000000000000107e+00 5.133763362729448687e+01
6.879999999999999893e+00 5.133854046969118201e+01
6.890000000000000568e+00 5.133944579457665469e+01
6.900000000000000355e+00 5.134034960677661275e+01
6.910000000000000142e+00 5.134125191109432507e+01
6.919999999999999929e+00 5.134215271231077793e+01
6.929999999999999716e+00 5.134305201518479578e+01
6.940000000000000391e+00 5.134394982445317623e+01
6.950000000000000178e+00 5.134484614483083931e+01
6.959999999999999964e+00 5.134574098101094819e+01
6.969999999999999751e+00 5.134663433766502294e+01
6.980000000000000426e+00 5.134752621944312523e+01
6.990000000000000213e+00 5.134841663097390807e+01
7.000000000000000000e+00 5.134930557686483610e+01
7.009999999999999787e+00 5.135019306170222819e+01
7.020000000000000462e+00 5.135107909005144222e+01
7.030000000000000249e+00 5.135196366645698163e+01
7.040000000000000036e+00 5.135284679544260200e+01
7.049999999999999822e+00 5.135372848151147451e+01
7.060000000000000497e+00 5.135460872914627828e+01
7.070000000000000284e+00 5.135548754280933537e+01
7.080000000000000071e+00 5.135636492694271027e+01
7.089999999999999858e+00 5.135724088596837333e+01
7.100000000000000533e+00 5.135811542428827892e+01
7.110000000000000320e+00 5.135898854628451460e+01
7.120000000000000107e+00 5.135986025631937935e+01
7.129999999999999893e+00 5.136073055873555404e+01
7.140000000000000568e+00 5.136159945785617253e+01
7.150000000000000355e+00 5.136246695798495665e+01
7.160000000000000142e+00 5.136333306340632987e+01
7.169999999999999929e+00 5.136419777838552392e+01
7.179999999999999716e+00 5.136506110716869955e+01
7.190000000000000391e+00 5.136592305398304603e+01
7.200000000000000178e+00 5.136678362303691614e+01
7.209999999999999964e+00 5.136764281851990432e+01
7.219999999999999751e+00 5.136850064460298881e+01
7.230000000000000426e+00 5.136935710543860978e+01
7.240000000000000213e+00 5.137021220516080433e+01
7.250000000000000000e+00 5.137106594788528469e+01
7.259999999999999787e+00 5.137191833770958738e+01
7.270000000000000462e+00 5.137276937871311588e+01
7.280000000000000249e+00 5.137361907495731828e+01
7.290000000000000036e+00 5.137446743048572984e+01
7.299999999999999822e+00 5.137531444932411517e+01
7.310000000000000497e+00 5.137616013548054639e+01
7.320000000000000284e+00 5.137700449294553096e+01
7.330000000000000071e+00 5.137784752569207569e+01
7.339999999999999858e+00 5.137868923767582885e+01
7.350000000000000533e+00 5.137952963283515118e+01
7.360000000000000320e+00 5.138036871509122960e+01
7.370000000000000107e+00 5.138120648834815540e+01
7.379999999999999893e+00 5.138204295649305209e+01
7.390000000000000568e+00 5.138287812339614646e+01
7.400000000000000355e+00 5.138371199291088232e+01
7.410000000000000142e+00 5.138454456887399857e+01
7.419999999999999929e+00 5.138537585510564298e+01
7.429999999999999716e+00 5.138620585540945740e+01
7.440000000000000391e+00 5.138703457357266302e+01
7.450000000000000178e+00 5.138786201336616699e+01
7.459999999999999964e+00 5.138868817854464766e+01
7.469999999999999751e+00 5.138951307284665404e+01
7.480000000000000426e+00 5.139033669999467691e+01
7.490000000000000213e+00 5.139115906369526243e+01
7.500000000000000000e+00 5.139198016763909749e+01
7.509999999999999787e+00 5.139280001550108068e+01
7.520000000000000462e+00 5.139361861094042183e+01
7.530000000000000249e+00 5.139443595760075567e+01
7.540000000000000036e+00 5.139525205911017736e+01
7.549999999999999822e+00 5.139606691908137037e+01
7.560000000000000497e+00 5.139688054111167048e+01
7.570000000000000284e+00 5.139769292878317231e+01
7.580000000000000071e+00 5.139850408566279327e+01
7.589999999999999858e+00 5.139931401530235888e+01
7.600000000000000533e+00 5.140012272123871639e+01
7.610000000000000320e+00 5.140093020699377035e+01
7.620000000000000107e+00 5.140173647607460339e+01
7.629999999999999893e+00 5.140254153197354015e+01
7.640000000000000568e+00 5.140334537816823968e+01
7.650000000000000355e+00 5.140414801812175938e+01
7.660000000000000142e+00 5.140494945528265447e+01
7.669999999999999929e+00 5.140574969308504905e+01
7.679999999999999716e+00 5.140654873494871424e+01
7.690000000000000391e+00 5.140734658427914638e+01
7.700000000000000178e+00 5.140814324446764516e+01
7.709999999999999964e+00 5.140893871889139888e+01
7.719999999999999751e+00 5.140973301091355552e+01
7.730000000000000426e+00 5.141052612388329379e+01
7.740000000000000213e+00 5.141131806113590841e+01
7.750000000000000000e+00 5.141210882599288823e+01
7.759999999999999787e+00 5.141289842176197311e+01
7.770000000000000462e+00 5.141368685173725339e+01
7.780000000000000249e+00 5.141447411919921961e+01
7.790000000000000036e+00 5.141526022741485491e+01
7.799999999999999822e+00 5.141604517963770604e+01
7.810000000000000497e+00 5.141682897910794026e+01
7.820000000000000284e+00 5.141761162905243054e+01
7.830000000000000071e+00 5.141839313268482670e+01
7.839999999999999858e+00 5.141917349320563346e+01
7.850000000000000533e+00 5.141995271380226029e+01
7.860000000000000320e+00 5.142073079764909949e+01
7.870000000000000107e+00 5.142150774790761147e+01
7.879999999999999893e+00 5.142228356772637454e+01
7.890000000000000568e+00 5.142305826023915216e+01
7.900000000000000355e+00 5.142383182857305712e+01
7.910000000000000142e+00 5.142460427583640126e+01
7.919999999999999929e+00 5.142537560512695904e+01
7.930000000000000604e+00 5.142614581952997099e+01
7.940000000000000391e+00 5.142691492212005500e+01
7.950000000000000178e+00 5.142768291595382379e+01
7.959999999999999964e+00 5.142844980408119682e+01
7.969999999999999751e+00 5.142921558953793948e+01
7.980000000000000426e+00 5.142998027534760297e+01
7.990000000000000213e+00 5.143074386452158819e+01
8.000000000000000000e+00 5.143150636005923815e+01
8.009999999999999787e+00 5.143226776494786634e+01
8.019999999999999574e+00 5.143302808216284916e+01
8.029999999999999361e+00 5.143378731466765430e+01
8.040000000000000924e+00 5.143454546541394734e+01
8.050000000000000711e+00 5.143530253734161306e+01
8.060000000000000497e+00 5.143605853337884781e+01
8.070000000000000284e+00 5.143681345644218794e+01
8.080000000000000071e+00 5.143756730943660216e+01
8.089999999999999858e+00 5.143832009525554838e+01
8.099999999999999645e+00 5.143907181678100216e+01
8.109999999999999432e+00 5.143982247688355613e+01
8.120000000000000995e+00 5.144057207842246271e+01
8.130000000000000782e+00 5.144132062424567664e+01
8.140000000000000568e+00 5.144206811718994032e+01
8.150000000000000355e+00 5.144281456008083353e+01
8.160000000000000142e+00 5.144355995573280893e+01
8.169999999999999929e+00 5.144430430694929868e+01
8.179999999999999716e+00 5.144504761652271441e+01
8.189999999999999503e+00 5.144578988723453961e+01
8.199999999999999289e+00 5.144653112185538646e+01
8.210000000000000853e+00 5.144727132314503137e+01
8.220000000000000639e+00 5.144801049385247893e+01
8.230000000000000426e+00 5.144874863671602583e+01
8.240000000000000213e+00 5.144948575446331063e+01
8.250000000000000000e+00 5.145022184981136348e+01
8.259999999999999787e+00 5.145095692546666299e+01
8.269999999999999574e+00 5.145169098412519304e+01
8.279999999999999361e+00 5.145242402847249963e+01
8.290000000000000924e+00 5.145315606118371932e+01
8.300000000000000711e+00 5.145388708492366447e+01
8.310000000000000497e+00 5.145461710234687303e+01
8.320000000000000284e+00 5.145534611609762976e+01
8.330000000000000071e+00 5.145607412881005160e+01
8.339999999999999858e+00 5.145680114310812314e+01
8.349999999999999645e+00 5.145752716160573215e+01
8.359999999999999432e+00 5.145825218690677616e+01
8.370000000000000995e+00 5.145897622160514118e+01
8.380000000000000782e+00 5.145969926828480112e+01
8.390000000000000568e+00 5.146042132951984627e+01
8.400000000000000355e+00 5.146114240787456140e+01
8.410000000000000142e+00 5.146186250590341160e+01
8.419999999999999929e+00 5.146258162615117726e+01
8.429999999999999716e+00 5.146329977115292564e+01
8.439999999999999503e+00 5.146401694343411037e+01
8.449999999999999289e+00 5.146473314551058564e+01
8.460000000000000853e+00 5.146544837988869148e+01
8.470000000000000639e+00 5.146616264906524663e+01
8.480000000000000426e+00 5.146687595552766936e+01
8.490000000000000213e+00 5.146758830175394195e+01
8.500000000000000000e+00 5.146829969021272433e+01
8.509999999999999787e+00 5.146901012336336834e+01
8.519999999999999574e+00 5.146971960365596743e+01
8.529999999999999361e+00 5.147042813353140644e+01
8.540000000000000924e+00 5.147113571542140420e+01
8.550000000000000711e+00 5.147184235174856326e+01
8.560000000000000497e+00 5.147254804492641256e+01
8.570000000000000284e+00 5.147325279735945003e+01
8.580000000000000071e+00 5.147395661144317813e+01
8.589999999999999858e+00 5.147465948956416781e+01
8.599999999999999645e+00 5.147536143410010112e+01
8.609999999999999432e+00 5.147606244741979253e+01
8.620000000000000995e+00 5.147676253188323869e+01
8.630000000000000782e+00 5.147746168984169657e+01
8.640000000000000568e+00 5.147815992363766924e+01
8.650000000000000355e+00 5.147885723560499116e+01
8.660000000000000142e+00 5.147955362806885660e+01
8.669999999999999929e+00 5.148024910334586934e+01
8.679999999999999716e+00 5.148094366374405695e+01
8.689999999999999503e+00 5.148163731156294887e+01
8.700000000000001066e+00 5.148233004909359067e+01
8.710000000000000853e+00 5.148302187861860801e+01
8.720000000000000639e+00 5.148371280241222081e+01
8.730000000000000426e+00 5.148440282274030722e+01
8.740000000000000213e+00 5.148509194186043203e+01
8.750000000000000000e+00 5.148578016202189644e+01
8.759999999999999787e+00 5.148646748546575225e+01
8.769999999999999574e+00 5.148715391442487999e+01
8.779999999999999361e+00 5.148783945112399607e+01
8.790000000000000924e+00 5.148852409777970962e+01
8.800000000000000711e+00 5.148920785660054378e+01
8.810000000000000497e+00 5.148989072978701387e+01
8.820000000000000284e+00 5.149057271953160608e+01
8.830000000000000071e+00 5.149125382801886275e+01
8.839999999999999858e+00 5.149193405742541074e+01
8.849999999999999645e+00 5.149261340991998281e+01
8.859999999999999432e+00 5.149329188766348153e+01
8.870000000000000995e+00 5.149396949280897928e+01
8.880000000000000782e+00 5.149464622750178933e+01
8.890000000000000568e+00 5.149532209387949422e+01
8.900000000000000355e+00 5.149599709407197423e+01
8.910000000000000142e+00 5.149667123020144999e+01
8.919999999999999929e+00 5.149734450438251798e+01
8.929999999999999716e+00 5.149801691872217191e+01
8.939999999999999503e+00 5.149868847531987370e+01
8.950000000000001066e+00 5.149935917626755355e+01
8.960000000000000853e+00 5.150002902364965962e+01
8.970000000000000639e+00 5.150069801954320781e+01
8.980000000000000426e+00 5.150136616601778172e+01
8.990000000000000213e+00 5.150203346513559666e+01
9.000000000000000000e+00 5.150269991895152799e+01
9.009999999999999787e+00 5.150336552951313962e+01
9.019999999999999574e+00 5.150403029886071948e+01
9.029999999999999361e+00 5.150469422902731509e+01
9.040000000000000924e+00 5.150535732203876904e+01
9.050000000000000711e+00 5.150601957991375457e+01
9.060000000000000497e+00 5.150668100466379684e+01
9.070000000000000284e+00 5.150734159829331560e+01
9.080000000000000071e+00 5.150800136279966779e+01
9.089999999999999858e+00 5.150866030017316177e+01
9.099999999999999645e+00 5.150931841239709286e+01
9.109999999999999432e+00 5.150997570144778592e+01
9.120000000000000995e+00 5.151063216929463096e+01
9.130000000000000782e+00 5.151128781790009015e+01
9.140000000000000568e+00 5.151194264921976185e+01
9.150000000000000355e+00 5.151259666520238056e+01
9.160000000000000142e+00 5.151324986778988091e+01
9.169999999999999929e+00 5.151390225891739760e+01
9.179999999999999716e+00 5.151455384051332942e+01
9.189999999999999503e+00 5.151520461449933208e+01
9.200000000000001066e+00 5.151585458279038221e+01
9.210000000000000853e+00 5.151650374729479864e+01
9.220000000000000639e+00 5.151715210991424954e+01
9.230000000000000426e+00 5.151779967254383052e+01
9.240000000000000213e+00 5.151844643707204341e+01
9.250000000000000000e+00 5.151909240538086010e+01
9.259999999999999787e+00 5.151973757934573683e+01
9.269999999999999574e+00 5.152038196083564969e+01
9.279999999999999361e+00 5.152102555171313725e+01
9.290000000000000924e+00 5.152166835383429344e+01
9.300000000000000711e+00 5.152231036904883155e+01
9.310000000000000497e+00 5.152295159920009837e+01
9.320000000000000284e+00 5.152359204612510268e+01
9.330000000000000071e+00 5.152423171165454363e+01
9.339999999999999858e+00 5.152487059761286048e+01
9.349999999999999645e+00 5.152550870581821130e+01
9.359999999999999432e+00 5.152614603808256533e+01
9.370000000000000995e+00 5.152678259621166745e+01
9.380000000000000782e+00 5.152741838200512348e+01
9.390000000000000568e+00 5.152805339725637168e+01
9.400000000000000355e+00 5.152868764375276811e+01
9.410000000000000142e+00 5.152932112327557235e+01
9.419999999999999929e+00 5.152995383759998305e+01
9.429999999999999716e+00 5.153058578849517346e+01
9.439999999999999503e+00 5.153121697772431276e+01
9.450000000000001066e+00 5.153184740704460864e+01
9.460000000000000853e+00 5.153247707820729318e+01
9.470000000000000639e+00 5.153310599295770089e+01
9.480000000000000426e+00 5.153373415303525462e+01
9.490000000000000213e+00 5.153436156017351522e+01
9.500000000000000000e+00 5.153498821610019576e+01
9.509999999999999787e+00 5.153561412253718998e+01
9.519999999999999574e+00 5.153623928120060782e+01
9.529999999999999361e+00 5.153686369380078247e+01
9.540000000000000924e+00 5.153748736204231307e+01
9.550000000000000711e+00 5.153811028762407176e+01
9.560000000000000497e+00 5.153873247223925347e+01
9.570000000000000284e+00 5.153935391757538298e+01
9.580000000000000071e+00 5.153997462531434337e+01
9.589999999999999858e+00 5.154059459713239733e+01
9.599999999999999645e+00 5.154121383470022977e+01
9.609999999999999432e+00 5.154183233968293365e+01
9.620000000000000995e+00 5.154245011374009522e+01
9.630000000000000782e+00 5.154306715852575138e+01
9.640000000000000568e+00 5.154368347568845365e+01
9.650000000000000355e+00 5.154429906687130369e+01
9.660000000000000142e+00 5.154491393371192487e+01
9.669999999999999929e+00 5.154552807784253332e+01
9.679999999999999716e+00 5.154614150088995927e+01
9.689999999999999503e+00 5.154675420447563994e+01
9.700000000000001066e+00 5.154736619021566213e+01
9.710000000000000853e+00 5.154797745972078360e+01
9.720000000000000639e+00 5.154858801459647566e+01
9.730000000000000426e+00 5.154919785644290187e+01
9.740000000000000213e+00 5.154980698685498197e+01
9.750000000000000000e+00 5.155041540742238482e+01
9.759999999999999787e+00 5.155102311972957807e+01
9.769999999999999574e+00 5.155163012535582823e+01
9.779999999999999361e+00 5.155223642587525035e+01
9.790000000000000924e+00 5.155284202285677964e+01
9.800000000000000711e+00 5.155344691786426381e+01
9.810000000000000497e+00 5.155405111245641336e+01
9.820000000000000284e+00 5.155465460818687973e+01
9.830000000000000071e+00 5.155525740660424816e+01
9.839999999999999858e+00 5.155585950925205907e+01
9.849999999999999645e+00 5.155646091766885775e+01
9.859999999999999432e+00 5.155706163338817305e+01
9.870000000000000995e+00 5.155766165793856004e+01
9.880000000000000782e+00 5.155826099284364261e+01
9.890000000000000568e+00 5.155885963962209928e+01
9.900000000000000355e+00 5.155945759978768450e+01
9.910000000000000142e+00 5.156005487484929972e+01
9.919999999999999929e+00 5.156065146631093654e+01
9.929999999999999716e+00 5.156124737567177618e+01
9.939999999999999503e+00 5.156184260442614686e+01
9.950000000000001066e+00 5.156243715406357353e+01
9.960000000000000853e+00 5.156303102606881339e+01
9.970000000000000639e+00 5.156362422192182748e+01
9.980000000000000426e+00 5.156421674309785885e+01
9.990000000000000213e+00 5.156480859106740411e+01
1.000000000000000000e+01 5.156539976729627028e+01
1.000999999999999979e+01 5.156599027324556772e+01
1.001999999999999957e+01 5.156658011037173139e+01
1.002999999999999936e+01 5.156716928012657064e+01
1.004000000000000092e+01 5.156775778395725496e+01
1.005000000000000071e+01 5.156834562330634242e+01
1.006000000000000050e+01 5.156893279961181520e+01
1.007000000000000028e+01 5.156951931430706537e+01
1.008000000000000007e+01 5.157010516882095175e+01
1.008999999999999986e+01 5.157069036457779987e+01
1.009999999999999964e+01 5.157127490299741623e+01
1.010999999999999943e+01 5.157185878549510960e+01
1.012000000000000099e+01 5.157244201348173362e+01
1.013000000000000078e+01 5.157302458836365844e+01
1.014000000000000057e+01 5.157360651154284170e+01
1.015000000000000036e+01 5.157418778441680018e+01
1.016000000000000014e+01 5.157476840837865950e+01
1.016999999999999993e+01 5.157534838481716832e+01
1.017999999999999972e+01 5.157592771511669838e+01
1.018999999999999950e+01 5.157650640065727998e+01
1.020000000000000107e+01 5.157708444281460913e+01
1.021000000000000085e+01 5.157766184296009015e+01
1.022000000000000064e+01 5.157823860246080017e+01
1.023000000000000043e+01 5.157881472267957434e+01
1.024000000000000021e+01 5.157939020497497040e+01
1.025000000000000000e+01 5.157996505070131832e+01
1.025999999999999979e+01 5.158053926120870614e+01
1.026999999999999957e+01 5.158111283784302969e+01
1.027999999999999936e+01 5.158168578194600684e+01
1.029000000000000092e+01 5.158225809485515612e+01
1.030000000000000071e+01 5.158282977790386070e+01
1.031000000000000050e+01 5.158340083242136842e+01
1.032000000000000028e+01 5.158397125973279884e+01
1.033000000000000007e+01 5.158454106115916460e+01
1.033999999999999986e+01 5.158511023801739981e+01
1.034999999999999964e+01 5.158567879162037428e+01
1.035999999999999943e+01 5.158624672327687932e+01
1.037000000000000099e+01 5.158681403429169876e+01
1.038000000000000078e+01 5.158738072596557345e+01
1.039000000000000057e+01 5.158794679959525098e+01
1.040000000000000036e+01 5.158851225647347860e+01
1.041000000000000014e+01 5.158907709788906004e+01
1.041999999999999993e+01 5.158964132512680578e+01
1.042999999999999972e+01 5.159020493946760411e+01
1.043999999999999950e+01 5.159076794218842821e+01
1.045000000000000107e+01 5.159133033456232198e+01
1.046000000000000085e+01 5.159189211785844975e+01
1.047000000000000064e+01 5.159245329334210339e+01
1.048000000000000043e+01 5.159301386227470232e+01
1.049000000000000021e+01 5.159357382591382191e+01
1.050000000000000000e+01 5.159413318551320771e+01
1.050999999999999979e+01 5.159469194232279676e+01
1.051999999999999957e+01 5.159525009758871761e+01
1.052999999999999936e+01 5.159580765255331869e+01
1.054000000000000092e+01 5.159636460845517547e+01
1.055000000000000071e+01 5.159692096652910465e+01
1.056000000000000050e+01 5.159747672800620677e+01
1.057000000000000028e+01 5.159803189411382363e+01
1.058000000000000007e+01 5.159858646607560928e+01
1.058999999999999986e+01 5.159914044511151587e+01
1.059999999999999964e+01 5.159969383243782204e+01
1.060999999999999943e+01 5.160024662926713290e+01
1.062000000000000099e+01 5.160079883680840140e+01
1.063000000000000078e+01 5.160135045626695671e+01
1.064000000000000057e+01 5.160190148884447581e+01
1.065000000000000036e+01 5.160245193573906874e+01
1.066000000000000014e+01 5.160300179814522181e+01
1.066999999999999993e+01 5.160355107725384727e+01
1.067999999999999972e+01 5.160409977425229755e+01
1.068999999999999950e+01 5.160464789032437238e+01
1.070000000000000107e+01 5.160519542665033299e+01
1.071000000000000085e+01 5.160574238440691630e+01
1.072000000000000064e+01 5.160628876476734206e+01
1.073000000000000043e+01 5.160683456890135545e+01
1.074000000000000021e+01 5.160737979797520580e+01
1.075000000000000000e+01 5.160792445315166077e+01
1.075999999999999979e+01 5.160846853559005609e+01
1.076999999999999957e+01 5.160901204644627427e+01
1.077999999999999936e+01 5.160955498687276588e+01
1.079000000000000092e+01 5.161009735801857801e+01
1.080000000000000071e+01 5.161063916102935423e+01
1.081000000000000050e+01 5.161118039704734173e+01
1.082000000000000028e+01 5.161172106721141262e+01
1.083000000000000007e+01 5.161226117265709235e+01
1.083999999999999986e+01 5.161280071451653839e+01
1.084999999999999964e+01 5.161333969391859000e+01
1.085999999999999943e+01 5.161387811198875397e+01
1.087000000000000099e+01 5.161441596984921887e+01
1.088000000000000078e+01 5.161495326861889055e+01
1.089000000000000057e+01 5.161549000941339216e+01
1.090000000000000036e+01 5.161602619334506414e+01
1.091000000000000014e+01 5.161656182152298555e+01
1.091999999999999993e+01 5.161709689505300247e+01
1.092999999999999972e+01 5.161763141503771379e+01
1.093999999999999950e+01 5.161816538257651388e+01
1.095000000000000107e+01 5.161869879876556411e+01
1.096000000000000085e+01 5.161923166469784974e+01
1.097000000000000064e+01 5.161976398146316569e+01
1.098000000000000043e+01 5.162029575014813076e+01
1.099000000000000021e+01 5.162082697183620184e+01
1.100000000000000000e+01 5.162135764760769518e+01
1.100999999999999979e+01 5.162188777853977939e+01
1.101999999999999957e+01 5.162241736570651796e+01
1.102999999999999936e+01 5.162294641017884089e+01
1.104000000000000092e+01 5.162347491302459446e+01
1.105000000000000071e+01 5.162400287530852694e+01
1.106000000000000050e+01 5.162453029809231708e+01
1.107000000000000028e+01 5.162505718243456698e+01
1.108000000000000007e+01 5.162558352939083761e+01
1.108999999999999986e+01 5.162610934001364171e+01
1.109999999999999964e+01 5.162663461535247222e+01
1.110999999999999943e+01 5.162715935645377385e+01
1.112000000000000099e+01 5.162768356436102835e+01
1.113000000000000078e+01 5.162820724011468343e+01
1.114000000000000057e+01 5.162873038475221676e+01
1.115000000000000036e+01 5.162925299930813594e+01
1.116000000000000014e+01 5.162977508481398559e+01
1.116999999999999993e+01 5.163029664229834736e+01
1.117999999999999972e+01 5.163081767278688972e+01
1.118999999999999950e+01 5.163133817730231812e+01
1.120000000000000107e+01 5.163185815686443902e+01
1.121000000000000085e+01 5.163237761249015989e+01
1.122000000000000064e+01 5.163289654519347494e+01
1.123000000000000043e+01 5.163341495598550779e+01
1.124000000000000021e+01 5.163393284587449017e+01
1.125000000000000000e+01 5.163445021586581163e+01
1.125999999999999979e+01 5.163496706696199112e+01
1.126999999999999957e+01 5.163548340016271254e+01
1.127999999999999936e+01 5.163599921646483182e+01
1.129000000000000092e+01 5.163651451686238403e+01
1.130000000000000071e+01 5.163702930234658339e+01
1.131000000000000050e+01 5.163754357390585170e+01
1.132000000000000028e+01 5.163805733252582542e+01
1.133000000000000007e+01 5.163857057918934856e+01
1.133999999999999986e+01 5.163908331487651537e+01
1.134999999999999964e+01 5.163959554056464185e+01
1.135999999999999943e+01 5.164010725722830841e+01
1.137000000000000099e+01 5.164061846583934567e+01
1.138000000000000078e+01 5.164112916736687708e+01
1.139000000000000057e+01 5.164163936277728340e+01
1.140000000000000036e+01 5.164214905303425240e+01
1.141000000000000014e+01 5.164265823909876474e+01
1.141999999999999993e+01 5.164316692192912228e+01
1.142999999999999972e+01 5.164367510248094817e+01
1.143999999999999950e+01 5.164418278170719390e+01
1.145000000000000107e+01 5.164468996055814642e+01
1.146000000000000085e+01 5.164519663998144949e+01
1.147000000000000064e+01 5.164570282092211073e+01
1.148000000000000043e+01 5.164620850432250165e+01
1.149000000000000021e+01 5.164671369112238608e+01
1.150000000000000000e+01 5.164721838225890593e+01
1.150999999999999979e+01 5.164772257866660254e+01
1.151999999999999957e+01 5.164822628127743798e+01
1.152999999999999936e+01 5.164872949102078081e+01
1.154000000000000092e+01 5.164923220882342747e+01
1.155000000000000071e+01 5.164973443560962352e+01
1.156000000000000050e+01 5.165023617230104236e+01
1.157000000000000028e+01 5.165073741981683497e+01
1.158000000000000007e+01 5.165123817907359438e+01
1.158999999999999986e+01 5.165173845098541250e+01
1.159999999999999964e+01 5.165223823646384460e+01
1.160999999999999943e+01 5.165273753641794485e+01
1.162000000000000099e+01 5.165323635175427341e+01
1.163000000000000078e+01 5.165373468337688934e+01
1.164000000000000057e+01 5.165423253218739319e+01
1.165000000000000036e+01 5.165472989908488444e+01
1.166000000000000014e+01 5.165522678496603248e+01
1.166999999999999993e+01 5.165572319072502694e+01
1.167999999999999972e+01 5.165621911725362025e+01
1.168999999999999950e+01 5.165671456544114193e+01
1.170000000000000107e+01 5.165720953617447719e+01
1.171000000000000085e+01 5.165770403033809544e+01
1.172000000000000064e+01 5.165819804881406441e+01
1.173000000000000043e+01 5.165869159248204312e+01
1.174000000000000021e+01 5.165918466221930316e+01
1.175000000000000000e+01 5.165967725890072870e+01
1.175999999999999979e+01 5.166016938339883779e+01
1.176999999999999957e+01 5.166066103658376818e+01
1.177999999999999936e+01 5.166115221932329860e+01
1.179000000000000092e+01 5.166164293248287009e+01
1.180000000000000071e+01 5.166213317692557894e+01
1.181000000000000050e+01 5.166262295351217659e+01
1.182000000000000028e+01 5.166311226310110527e+01
1.183000000000000007e+01 5.166360110654848370e+01
1.183999999999999986e+01 5.166408948470811424e+01
1.184999999999999964e+01 5.166457739843150421e+01
1.185999999999999943e+01 5.166506484856788006e+01
1.187000000000000099e+01 5.166555183596417322e+01
1.188000000000000078e+01 5.166603836146503426e+01
1.189000000000000057e+01 5.166652442591285421e+01
1.190000000000000036e+01 5.166701003014777172e+01
1.191000000000000014e+01 5.166749517500765165e+01
1.191999999999999993e+01 5.166797986132812781e+01
1.192999999999999972e+01 5.166846408994260287e+01
1.193999999999999950e+01 5.166894786168224840e+01
1.195000000000000107e+01 5.166943117737601199e+01
1.196000000000000085e+01 5.166991403785062431e+01
1.197000000000000064e+01 5.167039644393061337e+01
1.198000000000000043e+01 5.167087839643833291e+01
1.199000000000000021e+01 5.167135989619390557e+01
1.200000000000000000e+01 5.167184094401531524e+01
1.200999999999999979e+01 5.167232154071833605e+01
1.201999999999999957e+01 5.167280168711659627e+01
1.203000000000000114e+01 5.167328138402156412e+01
1.204000000000000092e+01 5.167376063224255489e+01
1.205000000000000071e+01 5.167423943258673091e+01
1.206000000000000050e+01 5.167471778585913000e+01
1.207000000000000028e+01 5.167519569286265835e+01
1.208000000000000007e+01 5.167567315439809050e+01
1.208999999999999986e+01 5.167615017126411203e+01
1.209999999999999964e+01 5.167662674425726976e+01
1.210999999999999943e+01 5.167710287417203574e+01
1.212000000000000099e+01 5.167757856180077880e+01
1.213000000000000078e+01 5.167805380793378589e+01
1.214000000000000057e+01 5.167852861335926917e+01
1.215000000000000036e+01 5.167900297886336602e+01
1.216000000000000014e+01 5.167947690523014614e+01
1.216999999999999993e+01 5.167995039324163997e+01
1.217999999999999972e+01 5.168042344367781027e+01
1.218999999999999950e+01 5.168089605731658054e+01
1.220000000000000107e+01 5.168136823493385634e+01
1.221000000000000085e+01 5.168183997730349688e+01
1.222000000000000064e+01 5.168231128519735051e+01
1.223000000000000043e+01 5.168278215938524767e+01
1.224000000000000021e+01 5.168325260063500792e+01
1.225000000000000000e+01 5.168372260971246135e+01
1.225999999999999979e+01 5.168419218738143428e+01
1.226999999999999957e+01 5.168466133440377774e+01
1.228000000000000114e+01 5.168513005153934614e+01
1.229000000000000092e+01 5.168559833954603988e+01
1.230000000000000071e+01 5.168606619917978406e+01
1.231000000000000050e+01 5.168653363119454269e+01
1.232000000000000028e+01 5.168700063634232578e+01
1.233000000000000007e+01 5.168746721537321065e+01
1.233999999999999986e+01 5.168793336903532065e+01
1.234999999999999964e+01 5.168839909807485355e+01
1.235999999999999943e+01 5.168886440323607445e+01
1.237000000000000099e+01 5.168932928526133708e+01
1.238000000000000078e+01 5.168979374489108380e+01
1.239000000000000057e+01 5.169025778286383144e+01
1.240000000000000036e+01 5.169072139991621384e+01
1.241000000000000014e+01 5.169118459678297484e+01
1.241999999999999993e+01 5.169164737419696110e+01
1.242999999999999972e+01 5.169210973288913635e+01
1.243999999999999950e+01 5.169257167358859562e+01
1.245000000000000107e+01 5.169303319702256516e+01
1.246000000000000085e+01 5.169349430391640965e+01
1.247000000000000064e+01 5.169395499499363211e+01
1.248000000000000043e+01 5.169441527097589528e+01
1.249000000000000021e+01 5.169487513258301448e+01
1.250000000000000000e+01 5.169533458053296471e+01
1.250999999999999979e+01 5.169579361554189489e+01
1.251999999999999957e+01 5.169625223832412786e+01
1.253000000000000114e+01 5.169671044959216744e+01
1.254000000000000092e+01 5.169716825005670557e+01
1.255000000000000071e+01 5.169762564042663655e+01
1.256000000000000050e+01 5.169808262140902855e+01
1.257000000000000028e+01 5.169853919370918049e+01
1.258000000000000007e+01 5.169899535803060076e+01
1.258999999999999986e+01 5.169945111507500002e+01
1.259999999999999964e+01 5.169990646554232683e+01
1.260999999999999943e+01 5.170036141013076048e+01
1.262000000000000099e+01 5.170081594953670390e+01
1.263000000000000078e+01 5.170127008445480499e+01
1.264000000000000057e+01 5.170172381557796371e+01
1.265000000000000036e+01 5.170217714359733208e+01
1.266000000000000014e+01 5.170263006920232129e+01
1.266999999999999993e+01 5.170308259308060173e+01
1.267999999999999972e+01 5.170353471591812422e+01
1.268999999999999950e+01 5.170398643839909880e+01
1.270000000000000107e+01 5.170443776120603729e+01
1.271000000000000085e+01 5.170488868501971780e+01
1.272000000000000064e+01 5.170533921051924153e+01
1.273000000000000043e+01 5.170578933838197599e+01
1.274000000000000021e+01 5.170623906928360469e+01
1.275000000000000000e+01 5.170668840389814136e+01
1.275999999999999979e+01 5.170713734289788022e+01
1.276999999999999957e+01 5.170758588695345992e+01
1.278000000000000114e+01 5.170803403673384935e+01
1.279000000000000092e+01 5.170848179290632629e+01
1.280000000000000071e+01 5.170892915613652008e+01
1.281000000000000050e+01 5.170937612708841158e+01
1.282000000000000028e+01 5.170982270642431899e+01
1.283000000000000007e+01 5.171026889480491917e+01
1.283999999999999986e+01 5.171071469288924050e+01
1.284999999999999964e+01 5.171116010133468421e+01
1.285999999999999943e+01 5.171160512079701732e+01
1.287000000000000099e+01 5.171204975193039388e+01
1.288000000000000078e+01 5.171249399538731950e+01
1.289000000000000057e+01 5.171293785181872238e+01
1.290000000000000036e+01 5.171338132187389647e+01
1.291000000000000014e+01 5.171382440620053700e+01
1.291999999999999993e+01 5.171426710544475469e+01
1.292999999999999972e+01 5.171470942025104733e+01
1.293999999999999950e+01 5.171515135126233531e+01
1.295000000000000107e+01 5.171559289911995450e+01
1.296000000000000085e+01 5.171603406446366336e+01
1.297000000000000064e+01 5.171647484793165006e+01
1.298000000000000043e+01 5.171691525016053248e+01
1.299000000000000021e+01 5.171735527178535818e+01
1.300000000000000000e+01 5.171779491343963997e+01
1.300999999999999979e+01 5.171823417575530613e+01
1.301999999999999957e+01 5.171867305936277859e+01
1.303000000000000114e+01 5.171911156489088768e+01
1.304000000000000092e+01 5.171954969296697158e+01
1.305000000000000071e+01 5.171998744421681238e+01
1.306000000000000050e+01 5.172042481926466451e+01
1.307000000000000028e+01 5.172086181873326893e+01
1.308000000000000007e+01 5.172129844324384607e+01
1.308999999999999986e+01 5.172173469341609575e+01
1.309999999999999964e+01 5.172217056986822570e+01
1.310999999999999943e+01 5.172260607321692305e+01
1.312000000000000099e+01 5.172304120407738282e+01
1.313000000000000078e+01 5.172347596306332207e+01
1.314000000000000057e+01 5.172391035078693733e+01
1.315000000000000036e+01 5.172434436785897560e+01
1.316000000000000014e+01 5.172477801488867755e+01
1.316999999999999993e+01 5.172521129248382721e+01
1.317999999999999972e+01 5.172564420125072360e+01
1.318999999999999950e+01 5.172607674179422332e+01
1.320000000000000107e+01 5.172650891471769086e+01
1.321000000000000085e+01 5.172694072062306248e+01
1.322000000000000064e+01 5.172737216011081074e+01
1.323000000000000043e+01 5.172780323377996581e+01
1.324000000000000021e+01 5.172823394222811544e+01
1.325000000000000000e+01 5.172866428605139788e+01
1.325999999999999979e+01 5.172909426584454451e+01
1.326999999999999957e+01 5.172952388220083009e+01
1.328000000000000114e+01 5.172995313571212961e+01
1.329000000000000092e+01 5.173038202696888277e+01
1.330000000000000071e+01 5.173081055656011529e+01
1.331000000000000050e+01 5.173123872507345311e+01
1.332000000000000028e+01 5.173166653309510821e+01
1.333000000000000007e+01 5.173209398120988567e+01
1.333999999999999986e+01 5.173252107000121924e+01
1.334999999999999964e+01 5.173294780005111448e+01
1.335999999999999943e+01 5.173337417194021270e+01
1.337000000000000099e+01 5.173380018624776255e+01
1.338000000000000078e+01 5.173422584355163423e+01
1.339000000000000057e+01 5.173465114442833368e+01
1.340000000000000036e+01 5.173507608945297420e+01
1.341000000000000014e+01 5.173550067919931905e+01
1.341999999999999993e+01 5.173592491423976014e+01
1.342999999999999972e+01 5.173634879514533935e+01
1.343999999999999950e+01 5.173677232248574143e+01
1.345000000000000107e+01 5.173719549682930818e+01
1.346000000000000085e+01 5.173761831874301009e+01
1.347000000000000064e+01 5.173804078879251023e+01
1.348000000000000043e+01 5.173846290754212163e+01
1.349000000000000021e+01 5.173888467555481441e+01
1.350000000000000000e+01 5.173930609339223707e+01
1.350999999999999979e+01 5.173972716161472363e+01
1.351999999999999957e+01 5.174014788078127225e+01
1.353000000000000114e+01 5.174056825144957372e+01
1.354000000000000092e+01 5.174098827417601143e+01
1.355000000000000071e+01 5.174140794951564004e+01
1.356000000000000050e+01 5.174182727802222814e+01
1.357000000000000028e+01 5.174224626024824403e+01
1.358000000000000007e+01 5.174266489674485570e+01
1.358999999999999986e+01 5.174308318806193085e+01
1.359999999999999964e+01 5.174350113474806534e+01
1.360999999999999943e+01 5.174391873735056180e+01
1.362000000000000099e+01 5.174433599641544390e+01
1.363000000000000078e+01 5.174475291248745634e+01
1.364000000000000057e+01 5.174516948611007905e+01
1.365000000000000036e+01 5.174558571782551297e+01
1.366000000000000014e+01 5.174600160817470851e+01
1.366999999999999993e+01 5.174641715769733707e+01
1.367999999999999972e+01 5.174683236693183375e+01
1.368999999999999950e+01 5.174724723641536173e+01
1.370000000000000107e+01 5.174766176668385498e+01
1.371000000000000085e+01 5.174807595827198980e+01
1.372000000000000064e+01 5.174848981171319906e+01
1.373000000000000043e+01 5.174890332753968636e+01
1.374000000000000021e+01 5.174931650628241186e+01
1.375000000000000000e+01 5.174972934847111361e+01
1.375999999999999979e+01 5.175014185463430749e+01
1.376999999999999957e+01 5.175055402529927306e+01
1.378000000000000114e+01 5.175096586099208906e+01
1.379000000000000092e+01 5.175137736223759077e+01
1.380000000000000071e+01 5.175178852955944109e+01
1.381000000000000050e+01 5.175219936348006655e+01
1.382000000000000028e+01 5.175260986452069289e+01
1.383000000000000007e+01 5.175302003320135213e+01
1.383999999999999986e+01 5.175342987004088258e+01
1.384999999999999964e+01 5.175383937555692171e+01
1.385999999999999943e+01 5.175424855026592041e+01
1.387000000000000099e+01 5.175465739468314297e+01
1.388000000000000078e+01 5.175506590932267414e+01
1.389000000000000057e+01 5.175547409469742632e+01
1.390000000000000036e+01 5.175588195131911107e+01
1.391000000000000014e+01 5.175628947969830307e+01
1.391999999999999993e+01 5.175669668034438331e+01
1.392999999999999972e+01 5.175710355376557459e+01
1.393999999999999950e+01 5.175751010046895573e+01
1.395000000000000107e+01 5.175791632096041184e+01
1.396000000000000085e+01 5.175832221574471248e+01
1.397000000000000064e+01 5.175872778532546192e+01
1.398000000000000043e+01 5.175913303020509915e+01
1.399000000000000021e+01 5.175953795088494758e+01
1.400000000000000000e+01 5.175994254786517956e+01
1.400999999999999979e+01 5.176034682164481637e+01
1.401999999999999957e+01 5.176075077272177793e+01
1.403000000000000114e+01 5.176115440159282599e+01
1.404000000000000092e+01 5.176155770875360673e+01
1.405000000000000071e+01 5.176196069469863659e+01
1.406000000000000050e+01 5.176236335992132354e+01
1.407000000000000028e+01 5.176276570491395290e+01
1.408000000000000007e+01 5.176316773016769446e+01
1.408999999999999986e+01 5.176356943617260242e+01
1.409999999999999964e+01 5.176397082341765099e+01
1.410999999999999943e+01 5.176437189239067038e+01
1.412000000000000099e+01 5.176477264357843211e+01
1.413000000000000078e+01 5.176517307746657792e+01
1.414000000000000057e+01 5.176557319453967665e+01
1.415000000000000036e+01 5.176597299528119578e+01
1.416000000000000014e+01 5.176637248017352277e+01
1.416999999999999993e+01 5.176677164969795797e+01
1.417999999999999972e+01 5.176717050433471456e+01
1.418999999999999950e+01 5.176756904456295416e+01
1.420000000000000107e+01 5.176796727086072281e+01
1.421000000000000085e+01 5.176836518370503626e+01
1.422000000000000064e+01 5.176876278357181604e+01
1.423000000000000043e+01 5.176916007093593208e+01
1.424000000000000021e+01 5.176955704627118138e+01
1.425000000000000000e+01 5.176995371005031643e+01
1.425999999999999979e+01 5.177035006274501683e+01
1.426999999999999957e+01 5.177074610482593187e+01
1.428000000000000114e+01 5.177114183676264503e+01
1.429000000000000092e+01 5.177153725902369530e+01
1.430000000000000071e+01 5.177193237207659138e+01
1.431000000000000050e+01 5.177232717638778325e+01
1.432000000000000028e+01 5.177272167242270484e+01
1.433000000000000007e+01 5.177311586064573845e+01
1.433999999999999986e+01 5.177350974152024321e+01
1.434999999999999964e+01 5.177390331550854796e+01
1.435999999999999943e+01 5.177429658307195837e+01
1.437000000000000099e+01 5.177468954467076401e+01
1.438000000000000078e+01 5.177508220076422418e+01
1.439000000000000057e+01 5.177547455181059632e+01
1.440000000000000036e+01 5.177586659826710758e+01
1.441000000000000014e+01 5.177625834058999743e+01
1.441999999999999993e+01 5.177664977923446799e+01
1.442999999999999972e+01 5.177704091465475500e+01
1.443999999999999950e+01 5.177743174730405684e+01
1.445000000000000107e+01 5.177782227763459844e+01
1.446000000000000085e+01 5.177821250609759574e+01
1.447000000000000064e+01 5.177860243314328414e+01
1.448000000000000043e+01 5.177899205922090431e+01
1.449000000000000021e+01 5.177938138477869501e+01
1.450000000000000000e+01 5.177977041026394289e+01
1.450999999999999979e+01 5.178015913612292564e+01
1.451999999999999957e+01 5.178054756280095461e+01
1.453000000000000114e+01 5.178093569074236768e+01
1.454000000000000092e+01 5.178132352039052932e+01
1.455000000000000071e+01 5.178171105218782344e+01
1.456000000000000050e+01 5.178209828657567471e+01
1.457000000000000028e+01 5.178248522399455567e+01
1.458000000000000007e+01 5.178287186488395832e+01
1.458999999999999986e+01 5.178325820968242965e+01
1.459999999999999964e+01 5.178364425882755029e+01
1.460999999999999943e+01 5.178403001275595585e+01
1.462000000000000099e+01 5.178441547190332983e+01
1.463000000000000078e+01 5.178480063670440359e+01
1.464000000000000057e+01 5.178518550759297057e+01
1.465000000000000036e+01 5.178557008500187209e+01
1.466000000000000014e+01 5.178595436936303287e+01
1.466999999999999993e+01 5.178633836110740418e+01
1.467999999999999972e+01 5.178672206066504202e+01
1.468999999999999950e+01 5.178710546846503604e+01
1.470000000000000107e+01 5.178748858493558060e+01
1.471000000000000085e+01 5.178787141050391085e+01
1.472000000000000064e+01 5.178825394559637374e+01
1.473000000000000043e+01 5.178863619063835699e+01
1.474000000000000021e+01 5.178901814605436016e+01
1.475000000000000000e+01 5.178939981226795197e+01
1.475999999999999979e+01 5.178978118970179878e+01
1.476999999999999957e+01 5.179016227877764322e+01
1.478000000000000114e+01 5.179054307991633266e+01
1.479000000000000092e+01 5.179092359353780495e+01
1.480000000000000071e+01 5.179130382006108846e+01
1.481000000000000050e+01 5.179168375990432338e+01
1.482000000000000028e+01 5.179206341348474041e+01
1.483000000000000007e+01 5.179244278121868916e+01
1.483999999999999986e+01 5.179282186352160977e+01
1.484999999999999964e+01 5.179320066080806839e+01
1.485999999999999943e+01 5.179357917349173590e+01
1.487000000000000099e+01 5.179395740198539499e+01
1.488000000000000078e+01 5.179433534670094730e+01
1.489000000000000057e+01 5.179471300804942757e+01
1.490000000000000036e+01 5.179509038644098240e+01
1.491000000000000014e+01 5.179546748228487019e+01
1.491999999999999993e+01 5.179584429598950379e+01
1.492999999999999972e+01 5.179622082796240790e+01
1.493999999999999950e+01 5.179659707861024032e+01
1.495000000000000107e+01 5.179697304833879912e+01
1.496000000000000085e+01 5.179734873755302260e+01
1.497000000000000064e+01 5.179772414665698221e+01
1.498000000000000043e+01 5.179809927605388964e+01
1.499000000000000021e+01 5.179847412614611102e+01
